21.44
27.52
20.24
18.48
29.2
25.04
18.48
21.52
28.48
26.32
19.6
25.52
23.6
21.6
22.24
27.68
20
20.16
31.36
25.68
19.52
21.2
28.32
26.08
18.8
23.28
24.48
21.28
24.8
28.4
21.76
22.18
33.123
26.314
16.17
17.114
22.805
19.863
6
6.076
6.285
5.878
5.757
5.672
5.591
5.693
5.793
5.891
5.989
5.45
4.911
4.372
3.857
3.371
2.885
2.381
1.897
1.659
1.406
1.154
0.903
6.076
11.41
15.76
26.4
20.24
25.28
33.04
26.56
27.52
30.08
31.68
28.72
38
41.68
23.68
20.24
23.44
30.72
19.36
20.96
27.68
21.76
23.36
26.08
25.6
19.28
25.36
27.92
21.2
19.52
26.8
27.92
19.2
23.2
27.2
